Run Timestamp: 2_14_3_1

nThreads: 256
memorySize: 10000000

Is HAU-Aligned: 1

Is ZXSum: 1

Use Positive Z: 1

MinQ1: 1
MaxQ1: 2
MinQ2: 1
MaxQ2: 4
MinQ3: 1
MaxQ3: 2

nPUFrames: 3
maxFrames: 100

minNX: -0.250000
maxNX: -0.244000
minNY: 0.790000
maxNY: 0.790000
minNZXSum: 0.616000
maxNZXSum: 0.616000

nSamplesNX: 9
nSamplesNY: 1
nSamplesNZ: 1

deltaX: 0.500000
deltaZ: 0.500000

NormalListPath: 

Total Running Time: 0.417125 second(s)
