Run Timestamp: 2_14_3_4

nThreads: 256
memorySize: 10000000

Is HAU-Aligned: 1

Is ZXSum: 1

Use Positive Z: 1

MinQ1: 1
MaxQ1: 2
MinQ2: 1
MaxQ2: 4
MinQ3: 1
MaxQ3: 2

nPUFrames: 3
maxFrames: 100

minNX: -0.249000
maxNX: -0.249000
minNY: 0.750000
maxNY: 0.800000
minNZXSum: 0.616000
maxNZXSum: 0.616000

nSamplesNX: 1
nSamplesNY: 51
nSamplesNZ: 1

deltaX: 0.500000
deltaZ: 0.500000

NormalListPath: 

Total Running Time: 0.690630 second(s)
