Run Timestamp: 1_27_21_43

nThreads: 64
memorySize: 10000000

MinQ1: 1
MaxQ1: 2
MinQ2: 1
MaxQ2: 4
MinQ3: 1
MaxQ3: 2

nPUFrames: 3
maxFrames: 100

minNX: -0.218000
maxNX: -0.218000
minNY: 0.800000
maxNY: 0.800000
minNZ: 0.407800
maxNZ: 0.407800

nSamplesNX: 1
nSamplesNY: 1
nSamplesNZ: 1

deltaX: 0.500000
deltaZ: 0.500000

Total Running Time: 1 minute(s) 6.212899 second(s)
