Run Timestamp: 2_13_22_18

nThreads: 256
memorySize: 10000000

Is HAU-Aligned: 0

Is ZXSum: 0

MinQ1: 1
MaxQ1: 2
MinQ2: 1
MaxQ2: 4
MinQ3: 1
MaxQ3: 2

nPUFrames: 3
maxFrames: 100

minNX: 0.000000
maxNX: 0.000000
minNY: 0.000000
maxNY: 0.000000
minNZ: 0.000000
maxNZ: 0.000000

nSamplesNX: 1
nSamplesNY: 1
nSamplesNZ: 1

deltaX: 0.500000
deltaZ: 0.500000

NormalListPath: input/upwarpNormalsTest.txt

Total Running Time: 0.295296 second(s)
