Run Timestamp: 2_10_19_0

nThreads: 256
memorySize: 10000000

Is HAU-Aligned: 1

Is ZXSum: 1

Use Positive Z: 1

MinQ1: 1
MaxQ1: 4
MinQ2: 1
MaxQ2: 4
MinQ3: 1
MaxQ3: 4

nPUFrames: 3
maxFrames: 200

minNX: -0.001000
maxNX: -0.001000
minNY: -0.001000
maxNY: 0.001000
minNZXSum: -0.001000
maxNZXSum: 0.001000

nSamplesNX: 1
nSamplesNY: 11
nSamplesNZ: 11

deltaX: 0.500000
deltaZ: 0.500000

NormalListPath: input/topNormal.txt

Total Running Time: 2.130844 second(s)
