Run Timestamp: 2_8_1_53

nThreads: 256
memorySize: 10000000

Computing Max Elevation!

Is HAU-Aligned: 1

Is ZXSum: 1

Use Positive Z: 1

MinQ1: 1
MaxQ1: 4
MinQ2: 1
MaxQ2: 4
MinQ3: 1
MaxQ3: 4

nPUFrames: 3
maxFrames: 200

minNX: -0.250000
maxNX: -0.250000
minNY: 0.750000
maxNY: 0.750000
minNZXSum: 0.620000
maxNZXSum: 0.620000

nSamplesNX: 1
nSamplesNY: 1
nSamplesNZ: 1

deltaX: 0.500000
deltaZ: 0.500000

NormalListPath: 

Total Running Time: 0.284707 second(s)
