Run Timestamp: 2_1_0_25

nThreads: 256
memorySize: 10000000

Is HAU-Aligned: 1

MinQ1: 1
MaxQ1: 4
MinQ2: 1
MaxQ2: 4
MinQ3: 1
MaxQ3: 4

nPUFrames: 3
maxFrames: 200

minNX: -0.378000
maxNX: -0.378000
minNY: 0.850000
maxNY: 0.850000
minNZ: 0.301500
maxNZ: 0.301500

nSamplesNX: 1
nSamplesNY: 1
nSamplesNZ: 1

deltaX: 0.500000
deltaZ: 0.500000

NormalListPath: 

Total Running Time: 0.724293 second(s)
