Run Timestamp: 2_1_0_19

nThreads: 256
memorySize: 10000000

Is HAU-Aligned: 1

MinQ1: 1
MaxQ1: 4
MinQ2: 1
MaxQ2: 4
MinQ3: 1
MaxQ3: 4

nPUFrames: 3
maxFrames: 200

minNX: -0.386000
maxNX: -0.386000
minNY: 0.870000
maxNY: 0.870000
minNZ: 0.308000
maxNZ: 0.308000

nSamplesNX: 1
nSamplesNY: 1
nSamplesNZ: 1

deltaX: 0.500000
deltaZ: 0.500000

NormalListPath: 

Total Running Time: 26.242837 second(s)
