Run Timestamp: 2_10_0_56

nThreads: 256
memorySize: 10000000

Is HAU-Aligned: 1

Is ZXSum: 1

Use Positive Z: 1

MinQ1: 1
MaxQ1: 4
MinQ2: 1
MaxQ2: 4
MinQ3: 1
MaxQ3: 4

nPUFrames: 3
maxFrames: 200

minNX: -0.010000
maxNX: -0.010000
minNY: -0.010000
maxNY: 0.010000
minNZXSum: -0.010000
maxNZXSum: 0.010000

nSamplesNX: 1
nSamplesNY: 11
nSamplesNZ: 11

deltaX: 0.500000
deltaZ: 0.500000

NormalListPath: input/topPinkNormals.txt

Total Running Time: 31.044404 second(s)
