Run Timestamp: 2_8_2_52

nThreads: 256
memorySize: 10000000

Is HAU-Aligned: 1

Is ZXSum: 1

Use Positive Z: 1

MinQ1: 1
MaxQ1: 4
MinQ2: 1
MaxQ2: 4
MinQ3: 1
MaxQ3: 4

nPUFrames: 3
maxFrames: 200

minNX: -0.232500
maxNX: -0.230000
minNY: 0.750000
maxNY: 0.750000
minNZXSum: 0.623200
maxNZXSum: 0.625700

nSamplesNX: 121
nSamplesNY: 1
nSamplesNZ: 121

deltaX: 0.500000
deltaZ: 0.500000

NormalListPath: 

Total Running Time: 4 minute(s) 0.308268 second(s)
