Run Timestamp: 2_20_22_1

nThreads: 256
memorySize: 10000000

Is HAU-Aligned: 1

Is ZXSum: 1

Use Positive Z: 1

MinQ1: 1
MaxQ1: 1
MinQ2: 1
MaxQ2: 4
MinQ3: 1
MaxQ3: 1

nPUFrames: 3
maxFrames: 60

minNX: -0.250000
maxNX: -0.190000
minNY: 0.830500
maxNY: 0.840000
minNZXSum: 0.570000
maxNZXSum: 0.630000

nSamplesNX: 241
nSamplesNY: 20
nSamplesNZ: 241

deltaX: 0.500000
deltaZ: 0.500000

NormalListPath: 

Total Running Time: 2 hr(s) 11 minute(s) 6.418926 second(s)
