Run Timestamp: 2_9_21_36

nThreads: 256
memorySize: 10000000

Is HAU-Aligned: 1

Is ZXSum: 1

Use Positive Z: 1

MinQ1: 1
MaxQ1: 4
MinQ2: 1
MaxQ2: 4
MinQ3: 1
MaxQ3: 4

nPUFrames: 3
maxFrames: 200

minNX: -0.250000
maxNX: -0.248000
minNY: 0.811000
maxNY: 0.813000
minNZXSum: 0.591000
maxNZXSum: 0.593000

nSamplesNX: 41
nSamplesNY: 41
nSamplesNZ: 41

deltaX: 0.500000
deltaZ: 0.500000

NormalListPath: 

Total Running Time: 23 minute(s) 36.908869 second(s)
