Run Timestamp: 2_5_23_17

nThreads: 256
memorySize: 10000000

Is HAU-Aligned: 1

Is ZXSum: 1

Use Positive Z: 1

MinQ1: 1
MaxQ1: 4
MinQ2: 1
MaxQ2: 4
MinQ3: 1
MaxQ3: 4

nPUFrames: 3
maxFrames: 200

minNX: -0.248000
maxNX: -0.246000
minNY: 0.899000
maxNY: 0.899000
minNZXSum: 0.599000
maxNZXSum: 0.601000

nSamplesNX: 61
nSamplesNY: 1
nSamplesNZ: 61

deltaX: 0.500000
deltaZ: 0.500000

NormalListPath: 

Total Running Time: 55.641420 second(s)
