Run Timestamp: 2_14_3_48

nThreads: 256
memorySize: 10000000

Is HAU-Aligned: 1

Is ZXSum: 1

Use Positive Z: 1

MinQ1: 1
MaxQ1: 4
MinQ2: 1
MaxQ2: 4
MinQ3: 1
MaxQ3: 4

nPUFrames: 3
maxFrames: 200

minNX: -0.249500
maxNX: -0.248500
minNY: 0.789500
maxNY: 0.790500
minNZXSum: 0.615500
maxNZXSum: 0.616500

nSamplesNX: 41
nSamplesNY: 11
nSamplesNZ: 41

deltaX: 0.500000
deltaZ: 0.500000

NormalListPath: 

Total Running Time: 3 minute(s) 50.698105 second(s)
