Run Timestamp: 2_4_18_22

nThreads: 256
memorySize: 10000000

Is HAU-Aligned: 1

Is ZXSum: 1

Use Positive Z: 1

MinQ1: 1
MaxQ1: 4
MinQ2: 1
MaxQ2: 4
MinQ3: 1
MaxQ3: 4

nPUFrames: 3
maxFrames: 200

minNX: -0.250000
maxNX: -0.170000
minNY: 0.800000
maxNY: 0.820000
minNZXSum: 0.560000
maxNZXSum: 0.640000

nSamplesNX: 81
nSamplesNY: 21
nSamplesNZ: 81

deltaX: 0.500000
deltaZ: 0.500000

NormalListPath: 

Total Running Time: 39 minute(s) 4.403857 second(s)
