Run Timestamp: 2_18_14_29

nThreads: 256
memorySize: 10000000

Is HAU-Aligned: 1

Is ZXSum: 1

Use Positive Z: 1

MinQ1: 1
MaxQ1: 4
MinQ2: 1
MaxQ2: 4
MinQ3: 1
MaxQ3: 1

nPUFrames: 3
maxFrames: 60

minNX: -0.221000
maxNX: -0.220750
minNY: 0.776000
maxNY: 0.776000
minNZXSum: 0.624500
maxNZXSum: 0.624250

nSamplesNX: 121
nSamplesNY: 1
nSamplesNZ: 121

deltaX: 0.500000
deltaZ: 0.500000

NormalListPath: 

Total Running Time: 23 minute(s) 24.490223 second(s)
