Run Timestamp: 2_5_23_25

nThreads: 256
memorySize: 10000000

Is HAU-Aligned: 1

Is ZXSum: 1

Use Positive Z: 1

MinQ1: 1
MaxQ1: 4
MinQ2: 1
MaxQ2: 4
MinQ3: 1
MaxQ3: 4

nPUFrames: 3
maxFrames: 200

minNX: -0.247500
maxNX: -0.246500
minNY: 0.899000
maxNY: 0.899000
minNZXSum: 0.599500
maxNZXSum: 0.600500

nSamplesNX: 61
nSamplesNY: 1
nSamplesNZ: 61

deltaX: 0.500000
deltaZ: 0.500000

NormalListPath: 

Total Running Time: 1 minute(s) 3.304393 second(s)
