Run Timestamp: 2_18_22_3

nThreads: 256
memorySize: 10000000

Is HAU-Aligned: 1

Is ZXSum: 1

Use Positive Z: 1

MinQ1: 1
MaxQ1: 1
MinQ2: 1
MaxQ2: 4
MinQ3: 1
MaxQ3: 1

nPUFrames: 3
maxFrames: 60

minNX: -0.193000
maxNX: -0.191000
minNY: 0.801500
maxNY: 0.802500
minNZXSum: 0.572000
maxNZXSum: 0.574000

nSamplesNX: 41
nSamplesNY: 11
nSamplesNZ: 41

deltaX: 0.500000
deltaZ: 0.500000

NormalListPath: 

Total Running Time: 3 minute(s) 16.633292 second(s)
